24045.3 
24035.5 
24014.6 
23995.7 
23979.9 
23970.5 
23958.5 
23942.2 
23929.5 
23919.5 
23903.6 
23888.7 
23878.5 
23862.8 
23843.2 
23830 
23818.4 
23802.2 
23789.4 
23767.6 
23750.4 
23737.1 
23734.3 
23718.6 
23709.2 
23691.4 
23681.3 
23657.4 
23636.8 
23607.5 
23598.7 
23578.7 
23555.4 
23534.4 
23514.5 
23493.4 
23465.9 
23427.4 
23414.9 
23391.1 
23367.6 
23364.5 
23332.7 
23298.3 
23276.6 
23239.4 
23202.8 
23161.3 
23116.7 
23085.9 
23071.8 
23051.3 
23019.7 
23001.8 
22983 
22951.6 
22926.3 
22897.5 
22882.9 
22864.6 
22832.3 
22820.9 
22802 
22794.4 
22766.3 
22757.5 
22747.7 
22721.2 
22713.9 
22701.1 
22691 
22661.2 
22646.8 
22627.9 
22600.7 
22576.3 
22544.8 
22483.3 
22435.5 
22386.5 
22335.3 
22311.6 
22284.6 
22251.9 
22221 
22180.2 
22148.8 
22125.2 
22069.3 
22032.8 
21995.7 
21957.5 
21907.3 
21858 
21814.7 
21771.3 
21728 
21687.5 
21639.4 
21593.5 
21530.5 
21442.8 
21391 
21353.1 
21314.9 
21265.5 
21214.1 
21182.1 
21149.2 
21086.9 
21001.9 
20949.9 
20917.2 
20857 
20821.2 
20783.4 
20781.1 
20754.4 
20738.9 
20715.3 
20707.1 
20682.7 
20644.8 
20614.8 
20568.3 
20518.1 
20442.6 
20416.6 
20378.3 
20349.5 
20344.6 
20318.3 
20312.2 
20246.3 
20135.5 
20049.6 
19935.2 
19865.9 
19815.2 
19762.1 
19722.2 
19685.4 
19618.8 
19600.3 
19568.8 
19539.1 
19496.7 
19471.7 
19447.4 
19403.2 
19350.9 
19313.9 
19279.5 
19245.7 
19208.9 
19165.7 
19113.6 
19019.6 
18951.2 
18920.9 
18870.3 
18801.3 
18798.6 
18765.1 
18719.2 
18679.6 
18639.4 
18588 
18485.4 
18415.4 
18386.7 
18337.9 
18314.8 
18248.4 
18192.3 
18152.4 
18100.8 
18029.4 
17942.3 
17854.1 
17802.5 
17737 
17659.8 
17609.1 
17502.9 
17410.4 
17371 
17308.8 
17255 
17141.9 
17087.1 
17040.8 
16993.2 
16952.4 
16847.6 
16789.2 
16699.5 
16597.5 
16506.2 
16435.3 
16376.3 
16321.7 
16257.1 
16190.5 
16142.7 
16089.3 
16026.6 
15946.5 
15880.5 
15817.8 
15767.5 
15677.5 
15607.4 
15535.5 
15477.8 
15435.4 
15387.7 
15360.5 
15312.3 
15238.5 
15175.8 
15114.2 
15050.9 
15013.3 
14973.1 
14893.4 
14822.9 
14764.3 
14664.5 
14588.8 
14539 
14381.8 
14301.1 
14265.2 
14144.6 
14078 
14033.8 
13937.8 
13841.2 
13739.4 
13631.8 
13582.1 
13511 
13388.7 
13319.5 
13250.2 
13065.1 
12921.5 
12843.5 
12746.3 
12597.3 
12528.6 
12476.4 
12382.6 
12326 
12225.9 
12166.7 
12119.5 
12063.7 
12044.1 
11974.2 
11909 
11872.9 
11849 
11824.8 
11808.1 
11759.4 
11722.8 
11693.1 
11656.2 
11640.6 
11611 
11571 
11553.8 
11531.6 
11514.1 
11483.1 
11458.6 
11417.1 
11394.5 
11363 
11338.4 
11328.3 
11316.7 
11291.9 
11287.2 
11269.9 
11252.8 
11236.8 
11218.6 
11205.6 
11190.5 
11181.6 
11170.5 
11161.3 
11156.2 
11138.2 
11127 
11110.1 
11075.9 
11063.5 
11053.7 
11048.8 
11033.4 
11022.5 
11009.1 
10985.8 
10970 
10956.9 
10941.5 
10932.9 
10915.9 
10889.9 
10881.7 
10867.2 
10845.1 
10826.2 
10810.8 
10799.8 
10784.6 
10776.4 
10760.9 
10742.8 
10737.3 
10721.2 
10715.2 
10714.3 
10693.1 
10686.7 
10668.8 
10649.9 
10634.6 
10615.2 
10592.8 
10574.2 
10557.1 
10533.6 
10514.1 
10496.6 
10487 
10465 
10447.8 
10428.4 
10411.1 
10398.7 
10383.3 
10369.5 
10347.5 
10336.1 
10317.5 
10300 
10290.2 
10276.9 
10252.9 
10240.8 
10230.7 
10224.5 
10218.4 
10204.5 
10199.4 
10197.5 
10190.7 
10176.7 
10155.7 
10139.9 
10116 
10082 
10060 
10044.8 
10013.4 
10006 
9979.15 
9959.74 
9944.7 
9910.5 
9892.27 
9876.35 
9860.03 
9844.07 
9832.39 
9806.93 
9797.13 
9787.03 
9776.88 
9765.86 
9746.48 
9728.26 
9718.66 
9708.63 
9702.12 
9686.84 
9675.55 
9663.51 
9651.13 
9638.92 
9626.14 
9614.92 
9601.76 
9583.03 
9576.34 
9566.42 
9554.63 
9544.95 
9535.98 
9515.78 
9492.42 
9479.23 
9453.9 
9431.86 
9423.58 
9413.63 
9404.84 
9387.62 
9376.46 
9370.29 
9360.54 
9350.06 
9334.86 
9323.96 
9313.52 
9298.65 
9279.95 
9264.02 
9244.06 
9235.74 
9217.58 
9203.23 
9195.6 
9173.67 
9161.07 
9147.41 
9140.02 
9128.56 
9110.18 
9094.88 
9085.05 
9068.5 
9055.84 
9043.27 
9038.6 
9028.46 
9018.5 
9015.37 
9004.75 
8997.76 
8988.25 
8982.75 
8970.02 
8954.76 
8943.53 
8936.81 
8930.82 
8922.06 
8914.61 
8908.58 
8894.27 
8885.33 
8878.95 
8862.17 
8853.45 
8843.14 
8835.13 
8817.83 
8806.37 
8799.64 
8790.3 
8779.29 
8769.01 
8755.94 
8752.73 
8749.76 
8731.44 
8719.08 
8704.1 
8697.5 
8690.13 
8678.71 
8668.4 
8657.64 
8648.43 
8643.18 
8638.19 
8631.29 
8626.45 
8621.45 
8609.88 
8599.95 
8592.04 
8583.04 
8569.22 
8564.49 
8555.57 
8550.6 
8543.31 
8533.13 
8517.4 
8509.52 
8501.98 
8495.45 
8483.22 
8473.61 
8467.22 
8463.6 
8460.48 
8455.19 
8448.69 
8432.6 
8418.63 
8413.3 
8403.06 
8397.66 
8393.38 
8381.93 
8376.71 
8370.99 
8363.36 
8355.88 
8346.06 
8342.62 
8341.84 
8332.17 
8329.51 
8320.41 
8316.73 
8306.98 
8300.42 
8297.97 
8292.04 
8289.07 
8277.31 
8269.17 
8258.13 
8252.21 
8244.9 
8236.13 
8225.45 
8217.61 
8208.11 
8197.88 
8191.34 
8187.88 
8181.8 
8171.54 
8165.81 
8159.32 
8150.49 
8141.01 
8127.78 
8119.12 
8111.15 
8103.26 
8098.05 
8095.25 
8087.25 
8081.64 
8074.49 
8069.61 
8067.06 
8062.8 
8059.4 
8055.77 
8050.61 
8046.57 
8044.87 
8037.16 
8030.33 
8028.34 
8025.06 
8020.07 
8016.92 
8014.36 
8010.84 
8005.57 
7996.63 
7990.36 
7986.21 
7979.6 
7966.66 
7961.87 
7956.83 
7948.83 
7943.93 
7940.27 
7937.84 
7935.47 
7931.13 
7929.94 
7923.03 
7915.65 
7911.02 
7905.71 
7893.16 
7887.21 
7876.22 
7868.7 
7860.17 
7851.19 
7845.41 
7845.56 
7840.47 
7838.66 
7831.61 
7827.45 
7824.37 
7820.42 
7814.3 
7807.67 
7804.94 
7802.53 
7799.46 
7793.84 
7790.3 
7784.71 
7780.24 
7779.68 
7775.63 
7772.1 
7765.59 
7764.57 
7760.36 
7757.71 
7750.61 
7744.87 
7737.24 
7734.33 
7728.31 
7723.61 
7721.52 
7717.85 
7715.77 
7708.35 
7703.61 
7701.98 
7698.28 
7693.59 
7692.06 
7688.92 
7686.5 
7684.84 
7679.88 
7676.35 
7673.86 
7671.28 
7669.01 
7664.99 
7664.12 
7662.03 
7659.33 
7658.12 
7654.39 
7651.94 
7648.94 
7644.32 
7642.28 
7639.9 
7638.56 
7634.44 
7632.11 
7630.54 
7626.53 
7623.52 
7620.95 
7618.14 
7614.67 
7611.24 
7609.18 
7607.95 
7605.67 
7602.87 
7601.13 
7597.27 
7592.51 
7588.56 
7582.9 
7580.54 
7577.37 
7572.63 
7569.9 
7566.91 
7563.85 
7560.85 
7556.74 
7555.78 
7554.66 
7551.98 
7549.47 
7546.19 
7544.48 
7542.49 
7540.57 
7537.68 
7535.74 
7531.51 
7528.57 
7526.86 
7524.43 
7521.98 
7520.97 
7518.51 
7514.83 
7513.25 
7512.08 
7511.26 
7509.37 
7506.98 
7503.97 
7501.15 
7499.42 
7498.3 
7496.23 
7495.85 
7493.45 
7490.81 
7490.33 
7487.87 
7485.45 
7483.13 
7481.35 
7478.68 
7474.83 
7471.75 
7470.78 
7468.48 
7466.98 
7466.43 
7463.67 
7458.01 
7454.26 
7451.97 
7448.35 
7447.08 
7444.96 
7444.91 
7443.36 
7443.49 
7441.29 
7438.29 
7436.8 
7434.83 
7432.42 
7431.21 
7426.82 
7424.65 
7422.1 
7420.15 
7417.72 
7415.78 
7413.74 
7412.14 
7410.08 
7407.66 
7406.42 
7404.82 
7404.83 
7403 
7403.75 
7401.79 
7398.48 
7395.9 
7393.24 
7390.03 
7387.63 
7388.18 
7386.46 
7385.09 
7383.45 
7384 
7382.09 
7382.38 
7380.59 
7380.32 
7377.79 
7377 
7377.03 
7374.99 
7375.15 
7373.69 
7373.75 
7373.15 
7371.31 
7370.36 
7366.72 
7365.13 
7363.14 
7362.28 
7363.33 
7360.73 
7361.8 
7359.66 
7360.01 
7358.8 
7357.41 
7357.83 
7355.64 
7355.69 
7354.35 
7353.58 
7352.45 
7352.18 
7351.01 
7350.61 
7349.22 
7348.31 
7346.38 
7346.22 
7345.09 
7343.42 
7342.48 
7341.88 
7341.54 
7340.89 
7340.6 
7340.49 
7339.73 
7337.56 
7335.45 
7334.94 
7333.7 
7334.87 
7333.32 
7332.61 
7332.37 
7331.13 
7330.32 
7329.24 
7329.08 
7327.5 
7326.99 
7325.11 
7323.15 
7322.25 
7321.79 
7320.61 
7320.54 
7320.66 
7319.91 
7319.13 
7319.53 
7317.91 
7317.53 
7316.71 
7315.55 
7315.55 
7314.66 
7314.6 
7312.58 
7311.8 
7309.92 
7308 
7306.46 
7306.04 
7304.53 
7303.39 
7303.22 
7301.63 
7300.65 
7300.34 
7298.81 
7296.77 
7295.83 
7293.64 
7291.95 
7290.76 
7288.47 
7286.42 
7286.06 
7285.79 
7285.06 
7285.3 
7284.38 
7285.16 
7283.08 
7282.16 
7280.19 
7280.1 
7278.76 
7279.35 
7277.77 
7277.01 
7276.81 
7275.86 
7275.06 
7275.52 
7275.03 
7274.34 
7273.44 
7273.74 
7272.83 
7272.28 
7270.8 
7268.87 
7267.59 
7265.65 
7265.59 
7265.1 
7264.25 
7265.41 
7264.14 
7263.38 
7262.94 
7262.66 
7261.18 
7260.82 
7260.66 
7260.57 
7260.2 
7259.14 
7257.9 
7256.11 
7254.19 
7253.72 
7254.1 
7252.07 
7253.07 
7251.25 
7249.89 
7248.51 
7248.02 
7246.07 
7244.61 
7243.42 
7244.05 
7242.16 
7243.2 
7240.77 
7239.96 
7239.31 
7238.6 
7237.06 
7235.84 
7235.2 
7234.03 
7232.87 
7231.98 
7230.56 
7229.22 
7228.76 
7226.13 
7222.79 
7221.08 
7220.08 
7221.88 
7219.53 
7218.6 
7219.53 
7218.91 
7218.5 
7217.81 
7217.78 
7216.75 
7216.15 
7214.76 
7214.05 
7213.87 
7213.1 
7212.29 
7211.58 
7210.98 
7210.45 
7210.1 
7209.7 
7208.8 
7208.66 
7208.23 
7207.37 
7207.11 
7207.47 
7206.5 
7206.71 
7206.05 
7205.23 
7206.25 
7204.79 
7206.08 
7204.98 
7204.43 
7203.9 
7203.92 
7203.6 
7203 
7201.81 
7201.26 
7199.84 
7199.11 
7198.44 
7197.15 
7196.8 
7196.3 
7194.55 
7193.41 
7192.85 
7192.68 
7192.23 
7191.36 
7190.93 
7189.81 
7189 
7187.99 
7188.16 
7187.1 
7187.04 
7186.35 
7186.73 
7185.3 
7184.88 
7184.11 
7184.73 
7184.04 
7183.34 
7183.42 
7182.6 
7182.56 
7182.9 
7181.98 
7183.38 
7182 
7182.17 
7181.41 
7181.33 
7181.13 
7181.07 
7180.97 
7180.5 
7180.08 
7179.91 
7178.66 
7178.39 
7177.67 
7177.78 
7177.28 
7177.13 
7176.98 
7176.15 
7176.05 
7175.78 
7175.77 
7175.84 
7176.02 
7175.41 
7176.3 
7175.36 
7175.26 
7174.79 
7173.51 
7173.37 
7172.78 
7172.61 
7172.37 
7171.79 
7172.86 
7172.15 
7171.89 
7171.57 
7171.02 
7171 
7170.5 
7170.72 
7169.83 
7169.78 
7169.56 
7169.67 
7169.06 
7169.21 
7168.74 
7168.79 
7168.17 
7168.18 
7167.17 
7166.85 
7167.19 
7166.64 
7166.62 
7165.96 
7165.55 
7166.1 
7165.34 
7165.52 
7164.57 
7164.49 
7163.64 
7164.03 
7162.99 
7162.94 
7161.49 
7162.72 
7161.42 
7159.7 
7158.6 
7157.99 
7156.87 
7156.59 
7156.33 
7155.93 
7155.35 
7154.59 
7155.37 
7154.22 
7154.87 
7154.29 
7153.74 
7153.19 
7152.84 
7152.74 
7152.34 
7152.02 
7151.73 
7150.86 
7150.7 
7151.29 
7151.01 
7149.87 
7149.47 
7148.47 
7148.5 
7148.05 
7147.5 
7147.15 
7146.69 
7146.83 
7146.28 
7146.34 
7145.88 
7146.11 
7145.37 
7146.05 
7145.01 
7144.81 
7144.38 
7144.17 
7143.29 
7144 
7143.09 
7142.59 
7141.54 
7141.52 
7141.23 
7140.95 
7140.54 
7139.97 
7140.17 
7139.54 
7139.35 
7139.53 
7138.78 
7137.84 
7138.05 
7137.09 
7137.74 
7137.02 
7136.5 
7136.77 
7136.39 
7136.35 
7136.13 
7135.66 
7135.69 
7135.81 
7135 
7135.13 
7134.56 
7134.85 
7134.88 
7134.21 
7134.45 
7134.08 
7134.46 
7134.47 
7133.83 
7133.64 
7133.73 
7133.48 
7133.61 
7133.42 
7133.12 
7133.3 
7132.91 
7132.72 
7132.32 
7132.89 
7131.39 
7131.17 
7130.67 
7130.24 
7130.17 
7129.19 
7129.57 
7129.02 
7129.24 
7129.71 
7128.53 
7129.52 
7128.36 
7128.48 
7128.36 
7127.82 
7127.23 
7127.49 
7127.12 
7125.61 
7125.56 
7125.12 
7124.81 
7124.63 
7125.15 
7124.58 
7124.6 
7124.43 
7124.6 
7124.52 
7123.8 
7124.53 
7123.72 
7123.89 
7123.42 
7123.77 
7123.19 
7122.87 
7123.22 
7122.08 
7121.89 
7121.45 
7121.45 
7121.3 
7120.46 
7120.7 
7121.11 
7120.17 
7120.28 
7119.96 
7120.45 
7119.73 
7119.45 
7119.9 
7118.77 
7119.29 
7119.11 
7119.11 
7118.37 
7118.2 
7117.95 
7118.19 
7117.58 
7117.6 
7117.49 
7117.34 
7117.01 
7117.71 
7117.24 
7116.92 
7117.15 
7116.36 
7116.6 
7115.88 
7115.33 
7115.14 
7114.27 
7115.58 
7114.71 
7114.17 
7114.01 
7113.49 
7113.54 
7113 
7113.62 
7112.86 
7113.14 
7112.14 
7112.03 
7111.88 
7111.75 
7110.77 
7110.3 
7110.79 
7110.12 
7110.05 
7109.5 
7110.83 
7109.28 
7109.42 
7108.59 
7109.4 
7109.03 
7108.46 
7108.37 
7107.77 
7107.79 
7107.34 
7107.36 
7107.53 
7106.95 
7107.24 
7106.47 
7106.83 
7105.72 
7106.31 
7105.68 
7105.54 
7106.02 
7105.05 
7104.76 
7105.18 
7104.36 
7104.17 
7104.36 
7104.3 
7104.06 
7103.8 
7104.57 
7103.69 
7104.05 
7103.45 
7103.54 
7103.42 
7103.72 
7103.33 
7103.01 
7103.03 
7102.43 
7103.19 
7102.53 
7102.45 
7101.9 
7102.02 
7102.16 
7101.83 
7101.77 
7101.48 
7102.18 
7101.65 
7101.02 
7101.19 
7101.14 
7100.54 
7100.8 
7100.21 
7100 
7099.47 
7098.82 
7099.03 
7099.01 
7098.33 
7098.53 
7098.39 
7097.75 
7098.39 
7097.53 
7097.61 
7097.7 
7097.3 
7097.6 
7096.87 
7097.66 
7097.07 
7096.91 
7096.28 
7098.48 
7096.23 
7096.21 
7095.58 
7095.42 
7095.44 
7095.02 
7094.96 
7095.18 
7094.59 
7094.88 
7094.66 
7094.73 
7094.36 
7094.51 
7094.24 
7093.97 
7094.49 
7094.01 
7094.02 
7093.73 
7093.67 
7093.95 
7093.49 
7093.31 
7093.57 
7093.2 
7094.29 
7093.35 
7093.19 
7094.03 
7093.39 
7093.05 
7093.11 
7093.56 
7092.91 
7092.87 
7092.96 
7092.75 
7092.81 
7092.49 
7092.92 
7092.14 
7092.6 
7091.9 
7091.9 
7092.03 
7091.46 
7092.04 
7091.08 
7091.34 
7091.17 
7091.06 
7091.24 
7091.09 
7091.38 
7091.07 
7091.07 
7090.91 
7091.01 
7090.7 
7090.55 
7091.03 
7091.15 
7090.33 
7092.31 
7090.34 
7089.99 
7090.23 
7089.96 
7089.63 
7089.73 
7089.45 
7089.8 
7089.38 
7089.22 
7089.37 
7089.04 
7089.48 
7088.93 
7088.48 
7088.66 
7088.46 
7088.04 
7089.61 
7088.43 
7087.7 
7087.8 
7087.9 
7087.03 
7088.03 
7086.81 
7086.91 
7086.46 
7086.44 
7086.04 
7085.37 
7085.31 
7086.41 
7085.48 
7085.54 
7084.98 
7084.99 
7084.81 
7084.53 
7084.45 
7084.28 
7084.63 
7084.4 
7084.06 
7084.1 
7084.16 
7084.38 
7083.74 
7083.4 
7083.97 
7083.55 
7083.12 
7082.8 
7082.92 
7082.77 
7082.91 
7082.6 
7082.29 
7082.25 
7082.4 
7082.24 
7081.96 
7082.75 
7082.03 
7082.48 
7081.8 
7082.18 
7081.86 
7081.9 
7081.54 
7081.62 
7081.28 
7081.5 
7081.13 
7080.97 
7080.99 
7080.67 
7080.64 
7080.14 
7079.67 
7079.65 
7079.89 
7079.41 
7079.81 
7079.28 
7079.45 
7079.06 
7078.8 
7079.14 
7078.71 
7078.9 
7078.58 
7078.51 
7078.4 
7078.28 
7077.94 
7077.86 
7077.78 
7077.92 
7077.44 
7077.78 
7076.9 
7077.59 
7076.53 
7076.92 
7076.39 
7076.9 
7076.21 
7076 
7076.7 
7076.32 
7075.79 
7076.6 
7076.07 
7075.66 
7075.99 
7075.21 
7075.91 
7075.17 
7074.91 
7074.64 
7074.56 
7074.23 
7074.53 
7074.56 
7074.1 
7074.19 
7074.1 
7073.62 
7074.22 
7073.42 
7074.3 
7073.47 
7073.46 
7073.11 
7073.52 
7073.3 
7073.17 
7072.79 
7072.81 
7072.27 
7072.37 
7071.76 
7072.54 
7072.1 
7072.37 
7071.91 
7071.86 
7071.61 
7071.75 
7071.68 
7071.56 
7071.46 
7071.6 
7071.39 
7071.36 
7071.15 
7071.44 
7071.15 
7071.32 
7071.18 
7071.22 
7070.92 
7070.89 
7071.33 
7071.15 
7070.84 
7070.86 
7070.73 
7071 
7070.32 
7072.26 
7070.58 
7070.36 
7070.91 
7070.5 
7070.17 
7070.82 
7070.64 
7070.74 
7070.61 
7069.98 
7071.02 
7069.73 
7070.1 
7069.31 
7069.5 
7069.74 
7069.4 
7068.89 
7069.87 
7068.96 
7069.19 
7068.79 
7069.04 
7068.33 
7068.92 
7068.04 
7068.29 
7067.74 
7068.28 
7068.11 
7067.51 
7068 
7067.3 
7067.58 
7067 
7067.14 
7066.66 
7067.46 
7066.65 
7066.35 
7066.77 
7066.4 
7066.87 
7066.17 
7066.39 
7066.2 
7066.38 
7066.41 
7066.02 
7066.62 
7065.96 
7065.71 
7065.8 
7065.34 
7065.35 
7065.98 
7065.71 
7065.42 
7065.94 
7065.14 
7065.72 
7065.8 
7064.94 
7065.09 
7064.33 
7064.83 
7064.46 
7064.35 
7063.72 
7064.54 
7063.99 
7063.5 
7063.89 
7063.86 
7063.58 
7063.35 
7063.1 
7063.89 
7062.7 
7063.21 
7062.74 
7062.99 
7062.49 
7062.19 
7062.26 
7062.33 
7062.06 
7061.97 
7062.6 
7061.95 
7062.53 
7061.65 
7061.79 
7061.53 
7061.67 
7061.34 
7061.59 
7061.41 
7061.26 
7061.06 
7061.01 
7060.89 
7060.68 
7060.72 
7060.43 
7060.49 
7060.08 
7060.59 
7059.76 
7060.4 
7060.48 
7060.31 
7060.05 
7059.58 
7060 
7060.34 
7059.27 
7059.56 
7059.19 
7059.2 
7058.93 
7059.74 
7059.39 
7058.94 
7058.66 
7058.84 
7059.25 
7059.13 
7058.5 
7058.3 
7058.81 
7058.66 
7057.97 
7057.98 
7057.68 
7057.76 
7057.57 
7057.69 
7057.53 
7057.56 
7057.68 
7057.22 
7057.85 
7057.46 
7057.14 
7057.03 
7057.2 
7057.07 
7056.63 
7059.16 
7056.67 
7056.83 
7057.1 
7056.52 
7056.38 
7056.98 
7056.36 
7056.12 
7058.18 
7056.6 
7056.7 
7056.07 
7055.95 
7056.32 
7055.61 
7056.57 
7055.83 
7055.45 
7055.57 
7055.23 
7055.78 
7055.45 
7055.45 
7055.51 
7055.53 
7054.9 
7056.2 
7055.34 
7054.99 
7055.69 
7054.9 
7054.84 
7054.93 
7054.98 
7054.89 
7054.58 
7055.53 
7054.45 
7054.71 
7054.18 
7055 
7054.15 
7053.94 
7054.11 
7053.82 
7054.46 
7053.92 
7053.7 
7053.52 
7053.63 
7053.2 
7053.33 
7053.5 
7053.25 
7053.48 
7053.06 
7053.47 
7053.46 
7052.73 
7052.79 
7052.82 
7052.53 
7052.71 
7052.5 
7052.53 
7052.14 
7052.54 
7052.24 
7052.21 
7052.62 
7052.23 
7052.17 
7051.79 
7052.51 
7051.74 
7051.71 
7051.94 
7052.2 
7051.37 
7051.85 
7051.57 
7051.07 
7052.11 
7050.9 
7052.25 
7051.02 
7050.5 
7051.09 
7050.16 
7050.43 
7050.11 
7050.41 
7050.04 
7050.01 
7050.02 
7049.83 
7049.9 
7049.88 
7049.51 
7051.93 
7049.9 
7049.48 
7049.58 
7049.59 
7049.29 
7049.07 
7049.81 
7049.03 
7049.06 
7049.17 
7048.76 
7049.68 
7049.23 
7049.37 
7048.69 
7048.6 
7048.81 
7048.82 
7048.46 
7049.04 
7048.41 
7048.54 
7048.79 
7048.41 
7048.3 
7049.05 
7048.71 
7048.28 
7048.5 
7048.44 
7048.53 
7048.36 
7048.49 
7048.3 
7048.6 
7048.42 
7048.07 
7049.1 
7049.09 
7047.98 
7048.76 
7048.33 
7047.75 
7049.07 
7047.82 
7047.45 
7047.41 
7047.32 
7048.24 
7047.25 
7047.5 
7047.27 
7047.19 
7047.67 
7046.84 
7047.18 
7047.32 
7046.67 
7047.34 
7046.74 
7046.48 
7047.56 
7046.37 
7047.18 
7047.27 
7046.42 
7046.15 
7046.16 
7046.02 
7045.93 
7045.59 
7045.75 
7045.94 
7045.51 
7045.44 
7045.83 
7045.39 
7045.32 
7045.24 
7045.16 
7045.36 
7045.25 
7045.16 
7045.31 
7044.77 
7045.33 
7044.61 
7044.74 
7044.85 
7044.16 
7043.91 
7043.87 
7044.23 
7043.81 
7043.76 
7043.89 
7043.52 
7043.87 
7043.48 
7043.46 
7043.26 
7043.17 
7043.34 
7043.19 
7042.76 
7043.03 
7042.48 
7043.71 
7042.67 
7042.62 
7042.71 
7042.58 
7042.69 
7042.19 
7042.39 
7042.77 
7041.92 
7042.91 
7042.74 
7042 
7042.51 
7041.65 
7041.98 
7041.65 
7041.79 
7041.35 
7042.07 
7041.32 
7041.36 
7041.22 
7041.39 
7041.71 
7041.29 
7040.82 
7041.04 
7041.36 
7040.87 
7041.01 
7040.74 
7040.83 
7040.63 
7040.51 
7040.82 
7040.7 
7040.64 
7040.29 
7041.17 
7040.71 
7040.6 
7040.38 
7040.21 
7040.46 
7040.51 
7040.16 
7040.31 
7040.03 
7040.04 
7040 
7040.1 
7039.71 
7040.35 
7039.86 
7039.48 
7040.41 
7039.39 
7039.49 
7039.31 
7039.14 
7039.02 
7038.89 
7038.55 
7040.21 
7039.2 
7038.48 
7038.64 
7038.32 
7038.37 
7038.51 
7038.15 
7038.99 
7038.65 
7038.24 
7038.09 
7038.47 
7038.13 
7037.79 
7038.3 
7038.08 
7038.52 
7037.78 
7037.71 
7038.35 
7037.92 
7038.01 
7037.62 
7037.66 
7037.36 
7039.65 
7038.24 
7037.78 
7037.34 
7037.59 
7037.01 
7037 
7036.95 
7036.82 
7036.95 
7036.79 
7037.05 
7037.15 
7036.54 
7037.35 
7037.49 
7036.65 
7036.63 
7036.37 
7037.07 
7036.44 
7036.21 
7036.81 
7036.69 
7036.78 
7036.29 
7036.92 
7036.46 
7036.42 
7036.29 
7035.8 
7035.74 
7036.15 
7035.83 
7036.22 
7036.39 
7035.59 
7037.33 
7035.81 
7036.35 
7035.36 
7036.24 
7035.22 
7035.7 
7035.54 
7035.39 
7035.3 
7035.01 
7034.88 
7034.76 
7034.46 
7034.69 
7034.3 
7034.55 
7034.11 
7034.25 
7034.86 
7034.05 
7034.19 
7033.79 
7034.17 
7034.03 
7034.22 
7033.57 
7033.76 
7033.67 
7033.48 
7033.69 
7033.68 
7033.08 
7034.2 
7033.21 
7033.15 
7033.05 
7033.34 
7033.28 
7032.94 
7032.99 
7032.94 
7033.28 
7032.94 
7032.7 
7033.85 
7032.84 
7033.01 
7032.47 
7033.28 
7032.96 
7032.54 
7032.43 
7033.27 
7033.2 
7032.64 
7032.86 
7032.89 
7032.58 
7032.17 
7032.12 
7032.16 
7031.68 
7032.56 
7032.15 
7031.79 
7032.17 
7032.21 
7031.66 
7031.83 
7031.54 
7032.28 
7031.47 
7031.78 
7031.84 
7031.66 
7031.45 
7031.95 
7031.49 
7031.42 
7031.82 
7031.7 
7031.27 
7032.48 
7031.8 
7031.55 
7031.63 
7031.37 
7031.1 
7031.42 
7030.93 
7030.98 
7030.99 
7031.29 
7031.11 
7030.78 
7031.11 
7031.37 
7031.6 
7031.02 
7031.39 
7030.96 
7031.05 
7030.6 
7031.2 
7030.99 
7030.62 
7030.55 
7030.76 
7030.64 
7030.52 
7031.21 
7030.55 
7030.71 
7030.34 
7031.67 
7030.95 
7030.86 
7030.84 
7030.38 
7030.52 
7030.32 
7030.62 
7030.44 
7030.25 
7029.94 
7030.18 
7029.99 
7029.63 
7029.76 
7029.91 
7029.45 
7029.52 
7030.03 
7029.54 
7029.6 
7029.31 
7030.12 
7029.66 
7029.58 
7029.83 
7029.45 
7029.38 
7029.07 
7029.87 
7029.55 
7029.55 
7029.53 
7029.01 
7029.23 
7029.38 
7029.35 
7029.21 
7029.68 
7029.13 
7029.15 
7029.25 
7029.27 
7028.82 
7029.45 
7028.88 
7028.82 
7028.79 
7028.84 
7028.96 
7028.67 
7028.78 
7029.04 
7028.64 
7028.69 
7029.72 
7029.11 
7028.9 
7028.63 
7028.78 
7028.58 
7028.44 
7028.66 
7028.42 
7028.33 
7028.73 
7028.89 
7028.23 
7028.88 
7027.93 
7028.61 
7028.31 
7027.9 
7028.32 
7027.82 
7027.94 
7028.07 
7027.5 
7028.03 
7027.84 
7027.7 
7027.51 
7027.73 
7027.63 
7027.62 
7027.8 
7027.47 
7027.66 
7027.57 
7027.21 
7027.84 
7028.21 
7027.42 
7027.91 
7027.87 
7027.15 
7027.76 
7027.08 
7027.85 
7027.28 
7026.78 
7027.33 
7027.39 
7026.82 
7027.22 
7026.45 
7027.52 
7026.49 
7027.07 
7026.85 
7026.3 
7027.08 
7026.56 
7026.76 
7026.69 
7026.16 
7027.47 
7026.22 
7026.77 
7026.47 
7026.02 
7026.08 
7025.8 
7025.7 
7026.02 
7025.78 
7025.57 
7026.22 
7025.35 
7025.67 
7025.93 
7025.6 
7025.2 
7025.9 
7025.35 
7025.3 
7025.18 
7025.16 
7025.16 
7025.32 
7024.96 
7025.9 
7025.09 
7025.16 
7025.23 
7024.74 
7025.75 
7025.02 
7025.45 
7024.94 
7024.85 
7025.06 
7024.71 
7025.43 
7024.87 
7024.75 
7024.83 
7024.71 
7024.58 
7024.78 
7024.86 
7024.43 
7024.81 
7024.8 
7024.55 
7024.52 
7024.94 
7024.73 
7024.56 
7024.91 
7024.57 
7024.49 
7024.53 
7024.39 
7024.75 
7024.92 
7025.13 
7024.51 
7024.39 
7024.8 
7024.56 
7024.64 
7024.18 
7024.17 
7024.53 
7024.46 
7024.64 
7024.1 
7024.6 
7024.25 
7024.7 
7023.97 
7024.35 
7024.41 
7023.86 
7024.44 
7024.11 
7023.57 
7023.97 
7023.54 
7024.84 
7023.87 
7023.78 
7023.43 
7023.28 
7023.91 
7023.67 
7023.35 
7023.53 
7023.55 
7023.18 
7023.01 
7023.22 
7023.15 
7023.02 
7023.1 
7023.14 
7023.05 
7023.15 
7022.9 
7023.42 
7022.84 
7023.23 
7023.45 
7022.83 
7023.78 
7023.41 
7023.36 
7023.63 
7023.01 
7022.87 
7022.74 
7023.4 
7022.94 
7022.82 
7022.76 
7022.82 
7023.1 
7022.56 
7022.63 
7022.75 
7022.95 
7022.45 
7023.56 
7022.55 
7022.97 
7022.81 
7022.35 
7022.43 
7022.56 
7022.88 
7022.26 
7023.91 
7023.46 
7022.44 
7022.48 
7022.2 
7022.47 
7022.52 
7022.29 
7022.12 
7023.13 
7022.8 
7022.74 
7022.18 
7022.56 
7022.58 
7022.17 
7022.37 
7022.02 
7022.22 
7022.04 
7022.5 
7022.24 
7021.95 
7021.94 
7021.93 
7022.5 
7022.09 
7022.2 
7021.9 
7022.12 
7021.95 
7021.77 
7022.42 
7022.27 
7022.08 
7021.61 
7022.01 
7021.58 
7022.15 
7021.99 
7021.55 
7021.71 
7021.99 
7021.5 
7021.55 
7021.8 
7021.54 
7021.44 
7021.47 
7021.49 
7021.2 
7022.76 
7021.53 
7021.4 
7021.14 
7021.46 
7020.9 
7021.92 
7021.42 
7020.94 
7021.11 
7020.86 
7021.71 
7021.15 
7020.99 
7020.71 
7021.58 
7020.77 
7020.78 
7020.51 
7021.71 
7021.1 
7020.71 
7020.51 
7021.09 
7020.66 
7020.41 
7020.66 
7020.39 
7020.28 
7020.47 
7020.9 
7020.22 
7020.92 
7020.11 
7021.12 
7020.33 
7020.71 
7020.12 
7020.28 
7020.28 
7020.33 
7020.29 
7020.05 
7020.48 
7020.16 
7020.01 
7020.42 
7020.11 
7019.86 
7020.34 
7020.54 
7019.91 
7020.25 
7019.95 
7019.9 
7019.92 
7019.72 
7020.19 
7019.99 
7020.39 
7019.84 
7020.01 
7019.67 
7020.18 
7019.85 
7019.56 
7020.06 
7019.41 
7021.62 
7020.05 
7019.57 
7019.72 
7019.3 
7019.25 
7019.58 
7019.49 
7019.14 
7019.75 
7019.59 
7019.53 
7019.35 
7018.92 
7019.34 
7019.24 
7018.84 
7018.69 
7020.03 
7018.73 
7018.87 
7019.16 
7018.75 
7018.69 
7018.58 
7019.02 
7018.66 
7018.94 
7019.06 
7018.74 
7018.59 
7018.74 
7018.56 
7018.68 
7018.59 
7018.37 
7019.14 
7018.45 
7018.92 
7018.51 
7018.76 
7018.48 
7018.39 
7018.28 
7019.1 
7018.65 
7018.43 
7018.76 
7018.37 
7018.23 
7018.51 
7018.45 
7018.83 
7018.43 
7018.77 
7018.08 
7018.19 
7018.73 
7018.25 
7018.17 
7018.26 
7018.44 
7018.41 
7018 
7020.13 
7018.2 
7018.27 
7017.89 
7018.48 
7018.12 
7018.56 
7018.12 
7018.61 
7018.18 
7017.78 
7018.61 
7018.71 
7017.71 
7017.89 
7018.37 
7017.63 
7018.91 
7018.19 
7018.51 
7017.81 
7018.09 
7017.98 
7017.84 
7017.54 
7018.8 
7018.43 
7017.98 
7017.57 
7017.42 
7017.81 
7018.11 
7017.5 
7017.63 
7017.35 
7017.52 
7017.22 
7017.81 
7017.65 
7017.43 
7017.05 
7017.77 
7017.34 
7017.08 
7017.59 
7017.04 
7017.31 
7016.95 
7017.32 
7016.91 
7017.22 
7016.81 
7017.28 
7017.33 
7017.09 
7016.8 
7017.09 
7017.48 
7016.75 
7017.11 
7017.03 
7016.56 
7017.03 
7016.48 
7017.28 
7016.4 
7016.48 
7016.81 
7016.23 
7017.16 
7016.46 
7016.43 
7016.13 
7016.2 
7016.33 
7016.52 
7016.37 
7016.06 
7016.54 
7016.28 
7016.42 
7016.05 
7016.22 
7015.87 
7016.11 
7015.79 
7016.32 
7016.13 
7015.83 
7015.52 
7017.35 
7015.72 
7016.05 
7015.31 
7016.47 
7015.39 
7015.69 
7015.53 
7015.6 
7015.52 
7015.51 
7015.46 
7015.27 
7015.2 
7015.55 
7015.31 
7015.13 
7015.6 
7015.04 
7015.37 
7015.08 
7014.96 
7015.68 
7014.93 
7015.24 
7015.01 
7015.22 
7014.92 
7014.78 
7015.34 
7014.93 
7015 
7014.91 
7014.59 
7015.04 
7014.38 
7014.81 
7014.8 
7014.27 
7015.12 
7015.27 
7014.23 
7014.43 
7014.43 
7014.21 
7014.25 
7014 
7014.16 
7015 
7014.06 
7014.08 
7014.61 
7014.08 
7013.83 
7014.67 
7014.04 
7014.22 
7013.81 
7014.01 
7014.06 
7013.81 
7014.01 
7013.92 
7014.64 
7013.87 
7013.89 
7013.71 
7013.92 
7013.98 
7014.2 
7013.89 
7013.89 
7013.57 
7014.34 
7013.6 
7013.56 
7013.54 
7013.69 
7014.25 
7013.63 
7013.79 
7013.56 
7013.52 
7014.06 
7013.3 
7013.8 
7013.77 
7013.41 
7013.26 
7013.14 
7014.37 
7013.44 
7013.39 
7013.19 
7013.2 
7013.07 
7013.16 
7012.89 
7013.51 
7013.54 
7013.45 
7013.15 
7012.97 
7012.97 
7013.51 
7012.75 
7013.01 
7012.7 
7012.99 
7012.6 
7013.18 
7012.62 
7012.74 
7012.8 
7012.35 
7013.04 
7012.68 
7012.61 
7012.59 
7012.22 
7012.76 
7012.29 
7012.45 
7012.04 
7012.82 
7012.74 
7012.05 
7012.17 
7012.02 
7012.25 
7011.82 
7012.06 
7012.05 
7011.71 
7012.94 
7011.89 
7011.89 
7011.62 
7012.42 
7011.47 
7012.56 
7011.45 
7012.04 
7011.52 
7011.46 
7011.57 
7011.62 
7011.37 
7011.29 
7011.68 
7011.56 
7011.57 
7011.4 
7011.45 
7011.35 
7011.22 
7011.62 
7011.29 
7011.3 
7010.97 
7012.24 
7011.4 
7011.28 
7011.04 
7010.78 
7011.72 
7010.9 
7010.65 
7011.28 
7010.66 
7010.91 
7010.67 
7010.88 
7010.54 
7010.66 
7010.96 
7010.57 
7011.8 
7010.83 
7011.08 
7010.55 
7010.68 
7011.14 
7010.62 
7010.63 
7010.35 
7011.18 
7010.52 
7010.43 
7010.59 
7010.32 
7010.22 
7010.73 
7010.6 
7010.9 
7010.5 
7010.24 
7010.75 
7011.07 
7010.15 
7011.57 
7010.29 
7010.08 
7010.98 
7010.2 
7010.52 
7010.02 
7010.04 
7010.12 
7010.42 
7010.35 
7009.9 
7010.4 
7010.13 
7010.09 
7009.88 
7009.8 
7010.43 
7009.97 
7010.39 
7009.93 
7010.16 
7009.7 
7010.51 
7010.06 
7009.89 
7009.62 
7010.39 
7009.8 
7010.09 
7010.44 
7010.12 
7009.64 
7009.51 
7010.32 
7009.77 
7010 
7009.75 
7009.59 
7010.19 
7009.99 
7009.47 
7009.46 
7009.72 
7009.36 
7009.72 
7009.3 
7009.45 
7009.24 
7009.32 
7009.23 
7009.24 
7009.16 
7009.54 
7009.16 
7009.3 
7009.17 
7009.08 
7009.57 
7009.15 
7009.77 
7009.05 
7008.97 
7008.96 
7008.85 
7009.81 
7009.08 
7009.1 
7008.73 
7009.01 
7008.97 
7008.8 
7009.07 
7009.32 
7008.71 
7008.81 
7008.83 
7008.72 
7008.65 
7008.84 
7009.35 
7008.83 
7008.53 
7009.34 
7008.86 
7008.79 
7008.37 
7008.47 
7008.18 
7008.56 
7008.44 
7007.99 
7008.39 
7008.15 
7008.54 
7007.99 
7007.93 
7007.92 
7007.82 
7009.35 
7007.96 
7008 
7008.12 
7008.02 
7007.71 
7008.81 
7007.95 
7007.8 
7007.74 
7007.79 
7007.75 
7008.04 
7007.6 
7008.09 
7008.33 
7008.16 
7007.76 
7008.05 
7007.88 
7007.52 
7007.81 
7007.96 
7007.68 
7007.79 
7007.34 
7007.83 
7007.77 
7007.66 
7007.61 
7007.25 
7007.45 
7006.99 
7007.88 
7007.08 
7007.47 
7007.53 
7007.3 
7007.07 
7007.15 
7007.55 
7006.95 
7007.21 
7007.12 
7006.88 
7007.35 
7007.12 
7006.87 
7007.52 
7006.91 
7007.28 
7006.72 
7007.15 
7006.96 
7007.32 
7006.99 
7006.63 
7006.87 
7006.75 
7007.06 
7006.54 
7006.6 
7006.71 
7006.48 
7006.51 
7006.4 
7007.57 
7007.01 
7006.75 
7006.56 
7006.66 
7006.32 
7006.67 
7006.3 
7006.85 
7007 
7006.54 
7006.77 
7006.64 
7006.16 
7007.57 
7006.36 
7007.24 
7006.37 
7005.99 
7007 
7006.24 
7006.03 
7005.98 
7006.22 
7005.85 
7006.5 
7006.27 
7005.87 
7006.16 
7005.66 
7006.42 
7006.39 
7005.65 
7005.93 
7005.43 
7006.35 
7005.7 
7006.28 
7005.42 
7005.59 
7005.19 
7006.63 
7005.55 
7006.11 
7005.48 
7005.1 
7006.56 
7005.97 
7005.94 
7005.34 
7005.33 
7005.03 
7005.58 
7004.87 
7004.99 
7005.1 
7004.96 
7005.08 
7004.94 
7004.88 
7004.97 
7004.88 
7004.91 
7004.86 
7004.8 
7005.19 
7004.91 
7004.72 
7005.18 
7004.65 
7005.12 
7004.97 
7004.66 
7004.85 
7004.58 
7005.05 
7005.23 
7004.53 
7004.92 
7004.86 
7004.5 
7005.16 
7004.59 
7004.82 
7004.43 
7004.78 
7004.51 
7004.44 
7004.98 
7004.41 
7004.55 
7004.86 
7004.7 
7004.65 
7004.28 
7006.34 
7004.46 
7004.8 
7004.36 
7004.75 
7004.32 
7004.59 
7004.4 
7004.59 
7004.14 
7004.52 
7004.26 
7004.35 
7004.15 
7004.09 
7004.5 
7004.03 
7004.35 
7004.48 
7003.95 
7004.49 
7004.2 
7004.03 
7004.36 
7003.9 
7003.9 
7003.78 
7003.81 
7003.96 
7003.8 
7003.81 
7003.91 
7003.95 
7003.75 
7003.93 
7003.74 
7004.08 
7003.68 
7003.7 
7004.04 
7003.64 
7003.92 
7003.6 
7004.1 
7003.58 
7004.92 
7003.97 
7003.9 
7003.99 
7003.8 
7003.79 
7003.96 
7003.38 
7005.18 
7003.95 
7003.68 
7003.54 
7003.91 
7004.29 
7003.3 
7004.38 
7003.35 
7003.51 
7003.3 
7003.44 
7003.23 
7003.47 
7003.62 
7003.28 
7003.2 
7003.17 
7003.41 
7003.27 
7003.64 
7003.12 
7003.85 
7003.81 
7003.2 
7003.52 
7003.2 
7002.98 
7003.58 
7003.46 
7003.69 
7003.12 
7003.1 
7002.95 
7003.38 
7003.27 
7003.18 
7003.09 
7002.93 
7003.21 
7003.23 
7003.93 
7002.95 
7002.76 
7003.79 
7002.77 
7003.1 
7002.85 
7002.95 
7002.82 
7002.7 
7002.86 
7002.75 
7002.83 
7002.66 
7003.93 
7002.8 
7002.59 
7003.51 
7003.03 
7003.23 
7002.7 
7002.94 
7003.15 
7002.54 
7003.03 
7002.8 
7003.45 
7002.64 
7002.78 
7002.39 
7003.36 
7002.98 
7002.45 
7002.81 
7002.55 
7002.48 
7002.68 
7002.26 
7003.07 
7002.42 
7002.32 
7002.38 
7002.19 
7002.33 
7002.34 
7002.06 
7002.54 
7002.37 
7002.59 
7002.16 
7002.19 
7002.14 
7002.19 
7002.21 
7001.92 
7002.37 
7002.25 
7001.89 
7002.56 
7002.42 
7001.99 
7002.25 
7002.33 
7002.4 
7001.96 
7001.89 
7002.31 
7001.76 
7003.15 
7002.15 
7002.22 
7001.68 
7003.2 
7001.78 
7001.75 
7001.55 
7002.03 
7002.02 
7001.73 
7001.82 
7001.43 
7001.47 
7001.91 
7001.95 
7001.37 
7001.69 
7001.38 
7001.23 
7002.2 
7001.72 
7001.56 
7001.19 
7002.37 
7001.55 
7001.59 
7001.37 
7001.04 
7002.07 
7002.04 
7001.22 
7001.32 
7001.07 
7001.58 
7001.56 
7001.55 
7001.63 
7001.12 
7001.14 
7000.98 
7001.86 
7001.21 
7000.87 
7001.47 
7001.34 
7000.78 
7001.31 
7001.25 
7000.82 
7001.14 
7001.05 
7000.61 
7002.43 
7000.77 
7000.82 
7000.75 
7000.73 
7000.91 
7000.45 
7000.73 
7000.91 
7000.73 
7000.78 
7000.4 
7001.09 
7001.02 
7000.68 
7000.34 
7000.67 
7000.45 
7000.42 
7000.64 
7000.55 
7000.26 
7000.68 
7000.46 
7000.31 
7000.18 
7001.11 
7000.9 
7000.88 
7000.31 
7000.87 
7000.16 
7000.39 
7000.53 
7000.24 
7000.28 
7000.24 
7000.03 
7000.89 
7000.34 
7000.2 
7000.13 
6999.98 
7000.28 
7000.41 
7000.19 
7000.12 
7000.13 
6999.83 
7000.59 
7000.33 
6999.99 
7000.35 
7000.27 
7000.08 
6999.81 
7000.12 
7000.03 
7000.15 
6999.69 
7000.43 
6999.77 
6999.82 
7000.03 
6999.88 
6999.77 
6999.58 
7000.37 
6999.91 
7000.4 
6999.95 
6999.81 
6999.92 
7000.23 
6999.55 
7000.65 
6999.79 
6999.94 
7000.08 
6999.74 
6999.62 
6999.42 
7000.09 
6999.6 
6999.34 
7000.32 
6999.5 
6999.52 
6999.48 
6999.24 
7000.98 
6999.51 
6999.92 
6999.32 
6999.7 
6999.24 
7000.23 
6999.98 
6999.7 
6999.26 
6999.21 
6999.27 
6999.29 
6999.25 
6999.23 
6999.14 
6999.14 
6999.76 
6999.05 
6999.54 
6999.72 
6999.74 
6999.1 
6999.47 
6998.96 
6998.93 
6999.02 
6998.86 
6999.28 
6999.22 
6999.07 
6998.83 
6998.94 
6999.27 
6998.79 
6999.16 
6998.82 
6998.88 
6998.82 
6998.8 
6998.96 
6998.62 
6999.03 
6999.28 
6998.85 
6998.53 
6999.7 
6998.76 
6998.88 
6998.43 
6999.43 
6998.92 
6999.06 
6998.49 
6998.82 
6998.75 
6998.78 
6998.33 
6999.65 
6998.53 
6998.41 
6998.23 
6999.36 
6998.67 
6998.75 
6998.36 
6999.35 
6998.54 
6998.36 
6998.15 
6998.38 
6998.53 
6998.18 
6998.17 
6998.16 
6998.1 
6998.02 
6998.85 
6998.06 
6998.01 
6998.01 
6997.92 
6998.77 
6998.08 
6998.03 
6998.19 
6998.11 
6997.84 
6998.22 
6997.89 
6997.91 
6997.78 
6998.11 
6997.88 
6997.69 
6998.86 
6998.2 
6997.9 
6997.81 
6997.7 
6997.92 
6997.89 
6997.68 
6997.57 
6998.65 
6997.74 
6997.71 
6997.71 
6998 
6997.54 
6997.95 
6997.49 
6997.94 
6997.45 
6997.64 
6997.48 
6997.56 
6997.64 
6997.42 
6997.7 
6997.66 
6998.22 
6997.65 
6997.9 
6997.4 
6997.63 
6997.63 
6997.47 
6997.29 
6997.78 
6997.46 
6997.21 
6997.61 
6997.26 
6997.62 
6997.96 
6997.35 
6997.53 
6997.15 
6997.6 
6997.62 
6996.99 
6997.53 
6997.37 
6997.24 
6997.23 
6997.24 
6997.09 
6997.27 
6997.07 
6997.1 
6996.9 
6997.65 
6996.88 
6997.21 
6997.27 
6997.6 
6997.01 
6997.08 
6996.89 
6997.24 
6996.96 
6997.03 
6996.92 
6996.92 
6996.77 
6997.93 
6997.05 
6997.23 
6997.26 
6996.86 
6996.99 
6997.04 
6996.69 
6999.25 
6996.95 
6997.36 
6997.32 
6996.97 
6996.86 
6997.16 
6996.61 
6997.47 
6996.73 
6996.72 
6996.75 
6996.49 
6996.93 
6996.59 
6996.94 
6996.77 
6996.53 
6996.45 
6996.49 
6996.75 
6996.65 
6996.81 
6996.46 
6996.47 
6996.37 
6997.06 
6996.99 
6996.48 
6996.34 
6996.55 
6996.4 
6996.9 
6996.47 
6996.45 
6996.54 
6996.29 
6997.21 
6997.07 
6996.27 
6997.73 
6996.95 
6996.34 
6996.47 
6996.58 
6996.19 
6996.84 
6996.49 
6996.51 
6996.6 
6996.38 
6997.01 
6996.35 
6996.22 
6997.01 
6996.41 
6996.37 
6996.13 
6996.48 
6996.18 
6996.3 
6996.25 
6996.08 
6996.59 
6996.7 
6996.08 
6996.77 
6996.33 
6996.04 
6996.32 
6996.05 
6996.55 
6996.07 
6995.98 
6995.94 
6996.13 
6995.93 
6995.96 
6995.9 
6996.5 
6995.86 
6996.68 
6996.02 
6996.1 
6995.77 
6996.26 
6996.16 
6995.82 
6995.77 
6996.18 
6995.85 
6995.78 
6995.62 
6996.94 
6996.02 
6995.61 
6995.79 
6995.64 
6995.99 
6995.66 
6996.49 
6996.02 
6995.9 
6995.92 
6995.5 
6996.48 
6996.38 
6995.94 
6995.89 
6996.4 
6995.76 
6995.63 
6995.55 
6995.72 
6995.9 
6995.71 
6995.44 
6996.29 
6995.95 
6995.56 
6996.13 
6996.17 
6995.6 
6996.03 
6995.44 
6996.09 
6995.9 
6995.51 
6995.54 
6995.53 
6995.42 
6995.48 
6995.49 
6996.27 
6995.99 
6995.71 
6995.47 
6995.85 
6995.45 
6995.88 
6995.45 
6995.33 
6995.99 
6995.98 
6995.76 
6995.65 
6995.47 
6995.31 
6995.51 
6995.34 
6995.34 
6995.27 
6995.96 
6995.57 
6996.25 
6995.76 
6995.99 
6995.7 
6995.57 
6995.18 
6995.89 
6995.95 
6995.82 
6995.67 
6995.42 
6995.61 
6995.42 
6995.11 
6996.03 
6995.97 
6995.41 
6995.51 
6995.05 
6995.31 
6995.85 
6995.19 
6995.17 
6995.06 
6995.47 
6995.09 
6995.42 
6995.15 
6995.6 
6995.07 
6995.02 
6995.46 
6995.53 
6995.33 
6994.92 
6995.66 
6995.4 
6994.91 
6995.65 
6995.14 
6995.16 
6995.16 
6994.86 
6995.88 
6995.33 
6995.06 
6994.73 
6995.63 
6994.89 
6995.19 
6994.74 
6994.65 
6994.76 
6994.78 
6994.55 
6995.68 
6995.65 
6994.78 
6995.13 
6994.82 
6994.47 
6995.18 
6994.67 
6994.59 
6994.94 
6994.97 
6994.6 
6994.76 
6994.65 
6994.53 
6994.73 
6994.59 
6994.44 
6994.7 
6994.68 
6994.67 
6994.46 
6994.65 
6994.37 
6995.28 
6994.78 
6994.67 
6994.42 
6995.04 
6994.39 
6994.32 
6994.91 
6994.72 
6994.69 
6994.29 
6994.55 
6994.51 
6994.29 
6994.68 
6994.41 
6994.23 
6994.56 
6994.84 
6994.28 
6994.37 
6994.77 
6994.26 
6994.33 
6994.17 
6994.44 
6994.37 
6994.31 
6994.34 
6994.13 
6994.91 
6994.27 
6994.59 
6994.03 
6994.7 
6994.29 
6994.62 
6994.11 
6994.42 
6993.94 
6994.72 
6994.34 
6993.94 
6994.55 
6994.44 
6994.21 
6994.28 
6994.08 
6994.07 
6993.97 
6993.89 
6994.09 
6994.03 
6994.19 
6993.96 
6994.66 
6994.14 
6993.84 
6994.41 
6994.76 
6993.87 
6994.31 
6993.9 
6993.82 
6993.86 
6994.19 
6994.19 
6993.78 
6993.86 
6994.19 
6994.22 
6994 
6993.71 
6994.75 
6994.18 
6993.91 
6994.3 
6994.44 
6994.22 
6993.92 
6994 
6993.7 
6994.11 
6994 
6993.73 
6993.92 
6994.04 
6993.84 
6993.66 
6994.72 
6994.08 
6994.37 
6994.24 
6993.75 
6994.05 
6993.9 
6993.57 
6994.65 
6994.09 
6993.95 
6993.63 
6993.97 
6993.46 
6995.2 
6994.47 
6993.58 
6993.99 
6993.97 
6993.5 
6993.71 
6993.92 
6993.56 
6993.45 
6993.61 
6993.42 
6993.84 
6993.61 
6993.32 
6993.94 
6993.95 
6993.65 
6993.85 
6994.14 
6993.79 
6993.56 
6993.28 
6993.7 
6993.24 
6993.79 
6993.52 
6993.66 
6993.32 
6993.14 
6995.1 
6993.98 
6993.47 
6993.5 
6993.7 
6993.32 
6993.08 
6993.8 
6993.2 
6993.17 
6993.07 
6993.28 
6993 
6993.21 
6992.88 
6993.54 
6993 
6993.42 
6993.14 
6992.82 
6993.45 
6993.38 
6992.99 
6993.44 
6992.75 
6993.13 
6993.16 
6993.33 
6992.71 
6993.19 
6993.17 
6993 
6992.85 
6993.24 
6992.65 
6993.62 
6992.86 
6993.48 
6992.98 
6992.96 
6993.01 
6992.65 
6993.16 
6992.84 
6993.01 
6992.64 
6992.7 
6992.57 
6993.35 
6993.64 
6992.55 
6992.78 
6992.49 
6994.28 
6993.49 
6992.96 
6992.91 
6993.34 
6992.77 
6993.14 
6992.9 
6992.8 
6992.75 
6992.48 
6993.08 
6992.69 
6992.97 
6992.82 
6992.48 
6992.69 
6992.39 
6993.13 
6992.89 
6992.73 
6992.41 
6993.48 
6992.62 
6992.31 
6994.55 
6992.57 
6992.37 
6992.46 
6992.8 
6992.56 
6992.21 
6993.63 
6992.68 
6992.62 
6992.56 
6992.58 
6992.15 
6992.69 
6993 
6992.37 
6992.2 
6992.5 
6992.38 
6992.25 
6992.71 
6992.08 
6992.85 
6992.22 
6992.47 
6992.01 
6992.45 
6992.64 
6992.12 
6992.51 
6991.97 
6992.92 
6992.83 
6992.47 
6992.01 
6992.31 
6992.11 
6992.02 
6992.1 
6992.27 
6992.16 
6992.08 
6992.16 
6991.98 
6992.17 
6992.19 
6991.92 
6993.1 
6992.17 
6992.29 
6992.13 
6992.04 
6992.4 
6992.05 
6991.85 
6993.3 
6992.15 
6991.93 
6992.28 
6991.87 
6991.98 
6991.88 
6992.03 
6991.73 
6993.12 
6992.28 
6992 
6991.89 
6992 
6991.84 
6991.6 
6991.99 
6991.72 
6992.08 
6991.85 
6991.73 
6991.98 
6991.89 
6991.53 
6992.78 
6993.33 
6992.65 
6991.98 
6992.3 
6991.93 
6991.64 
6992.51 
6991.58 
6992.03 
6991.58 
6991.44 
6991.78 
6991.46 
6991.78 
6991.72 
6991.68 
6991.36 
6992.38 
6991.42 
6991.9 
6991.5 
6991.21 
6991.54 
6991.37 
6991.44 
6991.33 
6991.56 
6991.41 
6991.05 
6992.05 
6991.25 
6991.51 
6991.34 
6991.17 
6991.91 
6991.15 
6991.89 
6990.99 
6991.74 
6991.54 
6991.35 
6991.86 
6991 
6991.32 
6991.21 
6991.05 
6991.04 
6991.17 
6991 
6991.6 
6991.2 
6991.1 
6991.01 
6990.83 
6992.72 
6991.28 
6991.7 
6991.19 
6991.09 
6991.09 
6991.08 
6990.97 
6991.04 
6991.26 
6990.75 
6991.83 
6991.17 
6990.69 
6991.14 
6991.22 
6990.62 
6991.63 
6991.07 
6990.8 
6990.98 
6990.98 
6990.58 
6990.91 
6990.59 
6990.69 
6990.77 
6990.58 
6990.82 
6990.67 
6990.43 
6990.92 
6991.55 
6991.06 
6990.57 
6990.69 
6990.52 
6990.57 
6990.62 
6990.87 
6990.42 
6990.6 
6990.74 
6991.21 
6990.39 
6990.63 
6991.31 
6990.74 
6990.31 
6990.93 
6990.97 
6990.84 
6990.5 
6990.79 
6990.71 
6990.68 
6990.59 
6990.41 
6990.66 
6990.3 
6990.35 
6990.27 
6990.26 
6990.46 
6990.5 
6990.31 
6990.27 
6990.53 
6990.23 
6990.68 
6990.55 
6990.23 
6990.37 
6990.27 
6990.28 
6990.25 
6990.2 
6990.84 
6990.45 
6990.99 
6990.65 
6990.32 
6990.27 
6990.39 
6990.45 
6990.35 
6990.38 
6990.29 
6990.21 
6990.32 
6990.53 
6990.21 
6990.5 
6990.15 
6990.79 
6990.81 
6990.3 
6990.89 
6990.49 
6990.75 
6990.13 
6990.61 
6990.4 
6990.3 
6990.3 
6990.22 
6990.39 
6990.14 
6990.26 
6991.09 
6990.07 
6990.18 
6990.2 
6989.96 
6990.48 
6990.25 
6990.02 
6990.24 
6989.86 
6991.05 
6990.48 
6990.24 
6990.02 
6989.87 
6990.07 
6990.08 
6989.86 
6989.78 
6990.33 
6990 
6990.52 
6989.7 
6990.75 
6989.85 
6990.03 
6989.62 
6990.06 
6989.81 
6989.91 
6989.88 
6989.56 
6989.91 
6989.7 
6989.67 
6989.75 
6989.48 
6989.74 
6989.52 
6989.97 
6989.52 
6990.24 
6989.62 
6989.79 
6989.58 
6989.7 
6989.56 
6989.47 
6989.79 
6990.2 
6989.44 
6989.78 
6989.41 
6989.62 
6990.17 
6989.84 
6989.91 
6989.6 
6989.29 
6989.52 
6989.59 
6989.58 
6989.53 
6989.56 
6989.44 
6989.52 
6989.54 
6989.38 
6989.37 
6989.15 
6991 
6989.24 
6989.16 
6989.25 
6989.34 
6989.16 
6989.74 
6989.32 
6989.34 
6989.29 
6989.48 
6989.1 
6989.33 
6989.52 
6989.52 
6989.04 
6989.37 
6989.25 
6989.5 
6989.66 
6989.25 
6989.05 
6989.14 
6989.37 
6989.19 
6988.97 
6989.09 
6989.16 
6989.37 
6989.23 
6989.07 
6989.36 
6989.04 
6989.18 
6989.35 
6989.15 
6989.11 
6989.25 
6988.87 
6990.02 
6989.09 
6989.34 
6989.27 
6989.26 
6989.01 
6989.51 
6988.96 
6989.08 
6988.98 
6989.24 
6988.84 
6989.9 
6989.6 
6989.51 
6989.2 
6989.12 
6988.91 
6989.16 
6989.02 
6988.72 
6989.32 
6990.04 
6988.87 
6989.33 
6989.5 
6989.16 
6988.68 
6989.02 
6988.81 
6988.59 
6989.02 
6989.73 
6989.26 
6989.12 
6988.82 
6988.68 
6988.86 
6988.61 
6988.9 
6989.03 
6989.37 
6988.83 
6988.53 
6989.81 
6988.74 
6988.54 
6989.11 
6988.46 
6989.62 
6988.8 
6988.82 
6988.76 
6988.48 
6988.59 
6988.33 
6989.44 
6988.64 
6988.7 
6988.58 
6988.45 
6989.06 
6988.25 
6988.76 
6988.39 
6988.76 
6988.42 
6988.23 
6989.25 
6988.98 
6988.48 
6988.84 
6988.3 
6988.9 
6988.41 
6988.34 
6988.29 
6988.21 
6988.53 
6988.33 
6988.48 
6988.48 
6988.38 
6988.18 
6988.59 
6988.34 
6988.16 
6989.05 
6989.22 
6988.47 
6988.97 
6988.56 
6988.19 
6988.62 
6988.69 
6988.32 
6988.1 
6989.14 
6988.61 
6988.53 
6988.38 
6988.58 
6988.39 
6988.35 
6988.24 
6988.88 
6988.22 
6988.32 
6988 
6988.47 
6988.49 
6987.98 
6988.23 
6987.91 
6988.64 
6988.12 
6988.56 
6988.06 
6987.88 
6988.94 
6988.55 
6988.18 
6987.87 
6988.19 
6988.25 
6988 
6988.09 
6987.82 
6987.94 
6988.29 
6988.17 
6987.89 
6987.76 
6988.25 
6988.34 
6987.6 
6988.71 
6987.75 
6988.09 
6988.12 
6987.59 
6988.48 
6987.64 
6988.21 
6987.48 
6987.85 
6987.59 
6987.48 
6987.46 
6987.35 
6987.99 
6987.47 
6988.17 
6987.23 
6988.2 
6987.15 
6987.66 
6987.31 
6987.44 
6987.24 
6987.55 
6987.41 
6987.12 
6987.05 
6987.75 
6987.11 
6987.52 
6987.23 
6987.74 
6987.25 
6987.15 
6987.3 
6987.33 
6987.61 
6987.15 
6986.95 
6987.81 
6987.89 
6987.61 
6987.17 
6987.81 
6987.73 
6987.79 
6987.34 
6987.2 
6987.02 
6987.9 
6986.97 
6987.17 
6987.11 
6987.21 
6987.05 
6987.1 
6987.25 
6986.98 
6986.88 
6987.43 
6987.11 
6986.84 
6987.56 
6987.37 
6987.36 
6987 
6987.22 
6987.21 
6986.81 
6987.29 
6987.09 
6987.01 
6987.21 
6987.32 
6986.78 
6987.59 
6987.39 
6987.14 
6987.09 
6986.87 
6987.06 
6987.04 
6987.01 
6986.7 
6987.72 
6987.09 
6987.1 
6986.72 
6986.66 
6987.01 
6986.81 
6986.75 
6986.74 
6987.32 
6986.88 
6986.81 
6986.96 
6986.92 
6986.72 
6987.01 
6986.79 
6986.87 
6986.5 
6987.31 
6987.42 
6987.03 
6987.21 
6986.59 
6987.01 
6986.57 
6987.18 
6986.75 
6986.75 
6986.49 
6987.43 
6986.65 
6986.66 
6986.4 
6986.73 
6986.64 
6986.21 
6986.98 
6986.61 
6986.37 
6986.69 
6987.45 
6986.84 
6986.15 
6986.55 
6986.43 
6986.27 
6986.33 
6986.29 
6986.1 
6987.43 
6986.28 
6986.21 
6986.36 
6986.24 
6986.01 
6986.8 
6986.31 
6986.53 
6985.95 
6986.44 
6986.19 
6986.26 
6986.12 
6986.01 
6987.07 
6986.29 
6986.15 
6985.86 
6986.47 
6986.28 
6986.14 
6986.37 
6985.98 
6985.88 
6986.29 
6985.87 
6985.87 
6985.76 
6986.89 
6986.26 
6986.19 
6985.9 
6986.01 
6986.44 
6985.9 
6986.11 
6985.84 
6986.66 
6985.91 
6986 
6985.87 
6985.77 
6986.4 
6985.78 
6985.98 
6985.93 
6985.75 
6985.67 
6987.43 
6986.99 
6985.89 
6986.22 
6985.77 
6986.06 
6986.5 
6985.97 
6985.84 
6985.86 
6986.03 
6985.89 
6985.69 
6986.18 
6985.8 
6986.36 
6985.86 
6986.13 
6985.61 
6985.77 
6986.44 
6985.91 
6985.86 
6986.28 
6985.81 
6985.69 
6985.63 
6985.89 
6985.76 
6985.81 
6985.71 
6985.53 
6986.27 
6986.25 
6985.79 
6985.51 
6986.14 
6986.09 
6985.92 
6985.57 
6986 
6985.66 
6985.56 
6985.46 
6986.08 
6985.75 
6986.04 
6985.5 
6985.73 
6985.56 
6985.7 
6985.5 
6985.57 
6985.36 
6987.1 
6985.86 
6985.5 
6986.77 
6985.85 
6985.33 
6986.2 
6985.43 
6985.59 
6985.43 
6985.6 
6985.21 
6985.92 
6985.42 
6985.81 
6985.8 
6985.13 
6985.78 
6985.66 
6985.35 
6985.39 
6985.16 
6985.94 
6985.18 
6985.15 
6985.1 
6985.73 
6985.02 
6985.48 
6985.69 
6985.76 
6985.88 
6985.51 
6985.16 
6985.41 
6985.24 
6985.61 
6984.99 
6985.6 
6985.65 
6985.31 
6985.04 
6985.23 
6985.28 
6985.3 
6985.06 
6985.2 
6985.09 
6984.95 
6986.36 
6985.2 
6985.31 
6985.01 
6985.44 
6985.15 
6985.13 
6985.24 
6984.88 
6985.71 
6985.06 
6984.9 
6985.17 
6985.52 
6985.28 
6985.42 
6985.04 
6985.09 
6984.88 
6985.06 
6985.34 
6985.13 
6985.26 
6985.14 
6985 
6984.8 
6985.42 
6985.13 
6984.74 
6986.58 
6985.77 
6985.34 
6985.04 
6985.43 
6984.89 
6985.35 
6984.93 
6984.79 
6985.48 
6985.1 
6984.9 
6984.9 
6985.17 
6984.73 
6985.85 
6985.51 
6984.85 
6984.94 
6984.78 
6984.7 
6985.75 
6985.27 
6985.22 
6984.91 
6985.5 
6985.01 
6985.44 
6985.27 
6985.33 
6985.43 
6984.86 
6984.95 
6985.44 
6985.31 
6985.34 
6985.19 
6985 
6984.83 
6985.28 
6984.91 
6984.9 
6984.62 
6986.5 
6985.71 
6985.74 
6985.29 
6985.41 
6985.12 
6985.38 
6984.91 
6985.12 
6984.87 
6984.86 
6984.83 
6984.61 
6985.27 
6985.22 
6984.74 
6985.14 
6984.58 
6984.67 
6985.38 
6984.77 
6984.82 
6984.47 
6986.18 
6984.97 
6985.24 
6984.82 
6984.71 
6984.46 
6984.6 
6984.4 
6984.97 
6984.57 
6984.39 
6984.68 
6984.47 
6984.87 
6984.63 
6984.34 
6984.76 
6984.54 
6984.54 
6984.57 
6984.39 
6984.96 
6985.08 
6984.69 
6984.81 
6984.42 
6984.59 
6984.44 
6984.31 
6984.89 
