18.4458 
18.4517 
18.4575 
18.4634 
18.4692 
18.475 
18.4808 
18.4866 
18.4924 
18.4982 
18.504 
18.5098 
18.5155 
18.5213 
18.527 
18.5327 
18.5385 
18.5442 
18.5499 
18.5556 
18.5613 
18.5669 
18.5726 
18.5783 
18.5839 
18.5895 
18.5952 
18.6008 
18.6064 
18.612 
18.6176 
18.6232 
18.6288 
18.6343 
18.6399 
18.6455 
18.651 
18.6565 
18.662 
18.6676 
18.6731 
18.6786 
18.684 
18.6895 
18.695 
18.7004 
18.7059 
18.7113 
18.7168 
18.7222 
18.7276 
18.733 
18.7384 
18.7438 
18.7492 
18.7545 
18.7599 
18.7652 
18.7706 
18.7759 
18.7812 
18.7865 
18.7918 
18.7971 
18.8024 
18.8077 
18.8129 
18.8182 
18.8234 
18.8286 
18.8339 
18.8391 
18.8443 
18.8495 
18.8547 
18.8598 
18.865 
18.8702 
18.8753 
18.8805 
18.8856 
18.8907 
18.8958 
18.9009 
18.906 
18.9111 
18.9162 
18.9212 
18.9263 
18.9313 
18.9364 
18.9414 
18.9464 
18.9514 
18.9564 
18.9614 
18.9664 
18.9713 
18.9763 
18.9812 
18.9862 
18.9911 
18.996 
19.0009 
19.0058 
19.0107 
19.0156 
19.0204 
19.0253 
19.0302 
19.035 
19.0398 
19.0446 
19.0494 
19.0542 
19.059 
19.0638 
19.0686 
19.0734 
19.0781 
19.0828 
19.0876 
19.0923 
19.097 
19.1017 
19.1064 
19.1111 
19.1158 
19.1204 
19.1251 
19.1297 
19.1343 
19.139 
19.1436 
19.1482 
19.1528 
19.1573 
19.1619 
19.1665 
19.171 
19.1756 
19.1801 
19.1846 
19.1891 
19.1936 
19.1981 
19.2026 
19.2071 
19.2116 
19.216 
19.2204 
19.2249 
19.2293 
19.2337 
19.2381 
19.2425 
19.2469 
19.2512 
19.2556 
19.26 
19.2643 
19.2686 
19.2729 
19.2773 
19.2816 
19.2858 
19.2901 
19.2944 
19.2987 
19.3029 
19.3071 
19.3114 
19.3156 
19.3198 
19.324 
19.3282 
19.3323 
19.3365 
19.3407 
19.3448 
19.349 
19.3531 
19.3572 
19.3613 
19.3654 
19.3695 
19.3735 
19.3776 
19.3817 
19.3857 
19.3897 
19.3938 
19.3978 
19.4018 
19.4058 
19.4097 
19.4137 
19.4177 
19.4216 
19.4255 
19.4295 
19.4334 
19.4373 
19.4412 
19.4451 
19.449 
19.4528 
19.4567 
19.4605 
19.4643 
19.4682 
19.472 
19.4758 
19.4796 
19.4834 
19.4871 
19.4909 
19.4946 
19.4984 
19.5021 
19.5058 
19.5095 
19.5132 
19.5169 
19.5206 
19.5242 
19.5279 
19.5315 
19.5352 
19.5388 
19.5424 
19.546 
19.5496 
19.5532 
19.5567 
19.5603 
19.5638 
19.5674 
19.5709 
19.5744 
19.5779 
19.5814 
19.5849 
19.5884 
19.5918 
19.5953 
19.5987 
19.6021 
19.6056 
19.609 
19.6124 
19.6157 
19.6191 
19.6225 
19.6258 
19.6292 
19.6325 
19.6358 
19.6391 
19.6424 
19.6457 
19.649 
19.6523 
19.6555 
19.6588 
19.662 
19.6652 
19.6685 
19.6717 
19.6748 
19.678 
19.6812 
19.6844 
19.6875 
19.6906 
19.6938 
19.6969 
19.7 
19.7031 
19.7062 
19.7092 
19.7123 
19.7153 
19.7184 
19.7214 
19.7244 
19.7274 
19.7304 
19.7334 
19.7364 
19.7393 
19.7423 
19.7452 
19.7481 
19.7511 
19.754 
19.7569 
19.7598 
19.7626 
19.7655 
19.7683 
19.7712 
19.774 
19.7768 
19.7796 
19.7824 
19.7852 
19.788 
19.7907 
19.7935 
19.7962 
19.799 
19.8017 
19.8044 
19.8071 
19.8098 
19.8125 
19.8151 
19.8178 
19.8204 
19.823 
19.8257 
19.8283 
19.8309 
19.8334 
19.836 
19.8386 
19.8411 
19.8437 
19.8462 
19.8487 
19.8512 
19.8537 
19.8562 
19.8587 
19.8611 
19.8636 
19.866 
19.8685 
19.8709 
19.8733 
19.8757 
19.8781 
19.8804 
19.8828 
19.8851 
19.8875 
19.8898 
19.8921 
19.8944 
19.8967 
19.899 
19.9013 
19.9035 
19.9058 
19.908 
19.9103 
19.9125 
19.9147 
19.9169 
19.919 
19.9212 
19.9234 
19.9255 
19.9277 
19.9298 
19.9319 
19.934 
19.9361 
19.9382 
19.9402 
19.9423 
19.9443 
19.9464 
19.9484 
19.9504 
19.9524 
19.9544 
19.9564 
19.9583 
19.9603 
19.9622 
19.9642 
19.9661 
19.968 
19.9699 
19.9718 
19.9736 
19.9755 
19.9774 
19.9792 
19.981 
19.9829 
19.9847 
19.9865 
19.9882 
19.99 
19.9918 
19.9935 
19.9953 
19.997 
19.9987 
20.0004 
20.0021 
20.0038 
20.0054 
20.0071 
20.0087 
20.0104 
20.012 
20.0136 
20.0152 
20.0168 
20.0184 
20.0199 
20.0215 
20.023 
20.0246 
20.0261 
20.0276 
20.0291 
20.0306 
20.0321 
20.0335 
20.035 
20.0364 
20.0378 
20.0393 
20.0407 
20.0421 
20.0434 
20.0448 
20.0462 
20.0475 
20.0489 
20.0502 
20.0515 
20.0528 
20.0541 
20.0554 
20.0566 
20.0579 
20.0591 
20.0604 
20.0616 
20.0628 
20.064 
20.0652 
20.0664 
20.0675 
20.0687 
20.0698 
20.0709 
20.0721 
20.0732 
20.0743 
20.0753 
20.0764 
20.0775 
20.0785 
20.0795 
20.0806 
20.0816 
20.0826 
20.0836 
20.0846 
20.0855 
20.0865 
20.0874 
20.0884 
20.0893 
20.0902 
20.0911 
20.092 
20.0928 
20.0937 
20.0945 
20.0954 
20.0962 
20.097 
20.0978 
20.0986 
20.0994 
20.1002 
20.1009 
20.1017 
20.1024 
20.1031 
20.1038 
20.1045 
20.1052 
20.1059 
20.1066 
20.1072 
20.1079 
20.1085 
20.1091 
20.1097 
20.1103 
20.1109 
20.1115 
20.112 
20.1126 
20.1131 
20.1136 
20.1142 
20.1147 
20.1152 
20.1156 
20.1161 
20.1166 
20.117 
20.1174 
20.1179 
20.1183 
20.1187 
20.119 
20.1194 
20.1198 
20.1201 
20.1205 
20.1208 
20.1211 
20.1214 
20.1217 
20.122 
20.1223 
20.1225 
20.1228 
20.123 
20.1232 
20.1234 
20.1236 
20.1238 
20.124 
20.1242 
20.1243 
20.1244 
20.1246 
20.1247 
20.1248 
20.1249 
20.125 
20.1251 
20.1251 
20.1252 
20.1252 
20.1252 
20.1252 
20.1252 
20.1252 
20.1252 
20.1252 
20.1251 
20.1251 
20.125 
20.1249 
20.1248 
20.1247 
20.1246 
20.1245 
20.1243 
20.1242 
20.124 
20.1239 
20.1237 
20.1235 
20.1233 
20.123 
20.1228 
20.1226 
20.1223 
20.122 
20.1218 
20.1215 
20.1212 
20.1209 
20.1205 
20.1202 
20.1198 
20.1195 
20.1191 
20.1187 
20.1183 
20.1179 
20.1175 
20.1171 
20.1166 
20.1162 
20.1157 
20.1152 
20.1148 
20.1143 
20.1137 
20.1132 
20.1127 
20.1121 
20.1116 
20.111 
20.1104 
20.1098 
20.1092 
20.1086 
20.108 
20.1074 
20.1067 
20.106 
20.1054 
20.1047 
20.104 
20.1033 
20.1026 
20.1018 
20.1011 
20.1003 
20.0996 
20.0988 
20.098 
20.0972 
20.0964 
20.0955 
20.0947 
20.0939 
20.093 
20.0921 
20.0912 
